[280,
283,
286,
289,
292,
295,
298,
301,
304,
307,
310,
313,
316,
319,
322,
325,
328,
331,
334,
337,
340,
343,
346,
349,
352,
355,
358,
361,
364,
367,
370,
373,
376,
379,
382,
385,
388,
391,
394,
397,
400,
403,
406,
409,
412,
415,
418,
421,
424,
427,
430,
433,
436,
439,
442,
445,
448,
451,
454,
457,
460,
463,
466,
469,
472,
475,
478,
481,
484,
487,
490,
493,
496,
499,
502,
505,
508,
511,
514,
517,
520,
523,
526,
529,
532,
535,
538,
541,
544,
547,
550,
553,
556,
559,
562,
565,
568,
578,
588,
598,
608,
618,
628,
637,
646,
655,
664,
673,
682,
691,
700,
709,
718,
727,
736,
745,
754,
763,
772,
781,
790,
799,
808,
817,
826,
835,
844,
853,
862,
871,
880,
889,
898,
907,
916,
925,
934,
943,
952,
961,
970,
979,
988,
997,
1006,
1015,
1024,
1033,
1042,
1051,
1060,
1069,
1078,
1087,
1096,
]