[6000,
6150,
6300,
6450,
6600,
6750,
6900,
7050,
7200,
7350,
7500,
7650,
7800,
7950,
8100,
8250,
8400,
8550,
8700,
8850,
9000,
9150,
9300,
9450,
9600,
9750,
9900,
10050,
10200,
10350,
10500,
10650,
10800,
11000,
11200,
11400,
11600,
11800,
12000,
12200,
12400,
12600,
12800,
13000,
13200,
13400,
13600,
13800,
14000,
14200,
14400,
14600,
14800,
15000,
15200,
15400,
15600,
15800,
16000,
16200,
16400,
16600,
16800,
17000,
17320,
17640,
17960,
18280,
18600,
18920,
19240,
19560,
19880,
20200,
20520,
20840,
21160,
21480,
22100,
22720,
23340,
23960,
24580,
25200,
25820,
26440,
27060,
27680,
28300,
28920,
29640,
30360,
31080,
31800,
32520,
33240,
33960,
34680,
35400,
36120,
36840,
37560,
38280,
39000,
39720,
40440,
41160,
41880,
42600,
43320,
44040,
44760,
45480,
46200,
46920,
47640,
48360,
49080,
49800,
50520,
51240,
51960,
52680,
53400,
54120,
54840,
55560,
56280,
57000,
57720,
58440,
59160,
59880,
60600,
61320,
62040,
62760,
63480,
64200,
64920,
65640,
66360,
67080,
67800,
68520,
69240,
69960,
70680,
71400,
72120,
72840,
73560,
74280,
75000,
75720,
]