[43000,
43700,
44400,
45100,
45800,
46500,
47200,
47900,
48600,
49300,
50000,
50700,
51400,
52100,
52800,
53500,
54200,
54900,
55600,
56300,
57100,
57900,
58700,
59500,
60300,
61100,
61900,
62700,
63500,
64300,
65100,
65900,
66700,
67500,
68300,
69100,
69900,
71000,
72100,
73200,
74300,
75400,
76500,
77600,
78700,
79800,
80900,
82000,
83100,
84200,
85300,
86400,
87500,
88600,
89700,
90800,
91900,
93000,
94100,
95200,
96300,
97400,
98500,
99600,
100700,
101800,
102900,
103200,
103500,
103800,
104100,
104400,
104700,
105000,
105800,
106600,
107400,
108200,
109000,
109800,
110600,
111400,
112200,
113000,
113800,
114600,
115400,
116200,
117000,
118000,
119000,
120000,
121000,
122000,
123000,
124000,
125000,
126000,
127300,
128600,
129900,
131200,
132500,
133800,
135100,
136400,
137700,
139000,
140300,
141600,
142900,
144200,
145500,
146800,
148100,
150200,
152300,
154400,
156500,
158600,
160700,
162800,
164900,
167000,
169100,
171200,
173300,
175400,
177500,
179600,
182100,
184600,
187100,
189600,
192100,
195600,
199100,
202600,
206100,
209600,
213100,
216600,
220100,
223600,
227100,
230600,
234100,
237600,
241100,
244600,
248100,
251600,
255100,
258600,
262100,
]
