[40000,
40600,
41200,
41800,
42400,
43000,
43600,
44200,
44800,
45400,
46000,
46600,
47200,
47800,
48400,
49000,
49900,
50800,
51700,
52600,
53500,
54400,
55300,
56200,
57100,
58000,
58900,
59800,
60700,
61600,
62500,
63400,
64300,
65200,
66100,
67000,
67900,
68800,
69700,
70600,
71500,
72400,
73300,
74200,
75100,
76000,
76900,
77800,
78700,
79600,
80500,
81400,
82300,
83200,
84100,
85000,
85900,
86800,
87700,
88600,
89500,
90400,
91300,
92200,
93100,
94000,
94900,
95800,
96700,
97600,
98500,
99400,
100300,
101200,
102100,
103000,
103900,
104800,
105700,
106600,
107500,
108400,
109300,
110200,
111100,
112000,
112900,
113800,
114700,
115600,
116500,
117400,
118300,
119200,
120100,
121000,
121900,
122800,
123700,
126000,
127300,
128600,
129900,
131200,
132500,
133800,
135100,
136400,
137700,
139000,
140300,
141600,
142900,
144200,
145500,
146800,
148100,
149400,
150700,
152000,
153300,
154600,
157300,
160000,
162700,
165400,
168100,
170800,
173500,
176200,
178900,
181600,
184300,
187000,
189700,
192400,
195100,
197800,
200500,
203200,
205900,
208600,
211300,
214000,
216700,
219400,
222100,
224800,
227500,
230200,
232900,
235600,
238300,
241000,
243700,
]